{
 "cells": [
  {
   "cell_type": "code",
   "execution_count": 2,
   "metadata": {},
   "outputs": [
    {
     "data": {
      "text/html": [
       "<div>\n",
       "<style>\n",
       "    .dataframe thead tr:only-child th {\n",
       "        text-align: right;\n",
       "    }\n",
       "\n",
       "    .dataframe thead th {\n",
       "        text-align: left;\n",
       "    }\n",
       "\n",
       "    .dataframe tbody tr th {\n",
       "        vertical-align: top;\n",
       "    }\n",
       "</style>\n",
       "<table border=\"1\" class=\"dataframe\">\n",
       "  <thead>\n",
       "    <tr style=\"text-align: right;\">\n",
       "      <th></th>\n",
       "      <th>text_name</th>\n",
       "      <th>num_chars</th>\n",
       "      <th>num_words</th>\n",
       "      <th>num_sents</th>\n",
       "      <th>num_vocab</th>\n",
       "      <th>tokens</th>\n",
       "      <th>types</th>\n",
       "      <th>lex_div</th>\n",
       "      <th>vocab_ldiv</th>\n",
       "      <th>title_short</th>\n",
       "    </tr>\n",
       "  </thead>\n",
       "  <tbody>\n",
       "    <tr>\n",
       "      <th>0</th>\n",
       "      <td>mcguffey's_sixth_eclectic_reader.txt</td>\n",
       "      <td>0.620284</td>\n",
       "      <td>0.595362</td>\n",
       "      <td>0.524434</td>\n",
       "      <td>1.000000</td>\n",
       "      <td>0.595362</td>\n",
       "      <td>1.000000</td>\n",
       "      <td>0.389382</td>\n",
       "      <td>1.000000</td>\n",
       "      <td>mcguffey's_sixth_eclectic</td>\n",
       "    </tr>\n",
       "    <tr>\n",
       "      <th>1</th>\n",
       "      <td>the_ontario_readers:_the_high_school_reader,_1...</td>\n",
       "      <td>0.578756</td>\n",
       "      <td>0.544632</td>\n",
       "      <td>0.367759</td>\n",
       "      <td>0.985080</td>\n",
       "      <td>0.544632</td>\n",
       "      <td>0.972309</td>\n",
       "      <td>0.413865</td>\n",
       "      <td>0.972309</td>\n",
       "      <td>the_ontario_readers:_the_</td>\n",
       "    </tr>\n",
       "    <tr>\n",
       "      <th>2</th>\n",
       "      <td>sanders'_union_fourth_reader.txt</td>\n",
       "      <td>0.504808</td>\n",
       "      <td>0.503093</td>\n",
       "      <td>0.629738</td>\n",
       "      <td>0.981658</td>\n",
       "      <td>0.503093</td>\n",
       "      <td>0.987752</td>\n",
       "      <td>0.455153</td>\n",
       "      <td>0.987752</td>\n",
       "      <td>sanders'_union_fourth_rea</td>\n",
       "    </tr>\n",
       "    <tr>\n",
       "      <th>3</th>\n",
       "      <td>a_modern_history,_from_the_time_of_luther_to_t...</td>\n",
       "      <td>0.985318</td>\n",
       "      <td>0.870958</td>\n",
       "      <td>0.642908</td>\n",
       "      <td>0.919513</td>\n",
       "      <td>0.870958</td>\n",
       "      <td>0.881486</td>\n",
       "      <td>0.234626</td>\n",
       "      <td>0.881486</td>\n",
       "      <td>a_modern_history,_from_th</td>\n",
       "    </tr>\n",
       "    <tr>\n",
       "      <th>4</th>\n",
       "      <td>first_italian_readings.txt</td>\n",
       "      <td>0.268230</td>\n",
       "      <td>0.259063</td>\n",
       "      <td>0.375685</td>\n",
       "      <td>0.882760</td>\n",
       "      <td>0.259063</td>\n",
       "      <td>0.804627</td>\n",
       "      <td>0.720023</td>\n",
       "      <td>0.804627</td>\n",
       "      <td>first_italian_readings.tx</td>\n",
       "    </tr>\n",
       "    <tr>\n",
       "      <th>5</th>\n",
       "      <td>mcguffey's_fifth_eclectic_reader.txt</td>\n",
       "      <td>0.446147</td>\n",
       "      <td>0.448834</td>\n",
       "      <td>0.513766</td>\n",
       "      <td>0.821641</td>\n",
       "      <td>0.448834</td>\n",
       "      <td>0.832318</td>\n",
       "      <td>0.429893</td>\n",
       "      <td>0.832318</td>\n",
       "      <td>mcguffey's_fifth_eclectic</td>\n",
       "    </tr>\n",
       "    <tr>\n",
       "      <th>6</th>\n",
       "      <td>modern_prose_and_poetry_for_secondary_schools.txt</td>\n",
       "      <td>0.421361</td>\n",
       "      <td>0.397253</td>\n",
       "      <td>0.339631</td>\n",
       "      <td>0.789131</td>\n",
       "      <td>0.397253</td>\n",
       "      <td>0.784806</td>\n",
       "      <td>0.457986</td>\n",
       "      <td>0.784806</td>\n",
       "      <td>modern_prose_and_poetry_f</td>\n",
       "    </tr>\n",
       "    <tr>\n",
       "      <th>7</th>\n",
       "      <td>the_literary_world_seventh_reader.txt</td>\n",
       "      <td>0.458234</td>\n",
       "      <td>0.450569</td>\n",
       "      <td>0.377950</td>\n",
       "      <td>0.770926</td>\n",
       "      <td>0.450569</td>\n",
       "      <td>0.734986</td>\n",
       "      <td>0.378159</td>\n",
       "      <td>0.734986</td>\n",
       "      <td>the_literary_world_sevent</td>\n",
       "    </tr>\n",
       "    <tr>\n",
       "      <th>8</th>\n",
       "      <td>poems_teachers_ask_for,_book_two.txt</td>\n",
       "      <td>0.414180</td>\n",
       "      <td>0.417088</td>\n",
       "      <td>0.284148</td>\n",
       "      <td>0.723017</td>\n",
       "      <td>0.417088</td>\n",
       "      <td>0.724040</td>\n",
       "      <td>0.402432</td>\n",
       "      <td>0.724040</td>\n",
       "      <td>poems_teachers_ask_for,_b</td>\n",
       "    </tr>\n",
       "    <tr>\n",
       "      <th>9</th>\n",
       "      <td>a_school_history_of_the_united_states.txt</td>\n",
       "      <td>0.667800</td>\n",
       "      <td>0.613324</td>\n",
       "      <td>0.568057</td>\n",
       "      <td>0.714804</td>\n",
       "      <td>0.613324</td>\n",
       "      <td>0.718833</td>\n",
       "      <td>0.271704</td>\n",
       "      <td>0.718833</td>\n",
       "      <td>a_school_history_of_the_u</td>\n",
       "    </tr>\n",
       "  </tbody>\n",
       "</table>\n",
       "</div>"
      ],
      "text/plain": [
       "                                           text_name  num_chars  num_words  \\\n",
       "0               mcguffey's_sixth_eclectic_reader.txt   0.620284   0.595362   \n",
       "1  the_ontario_readers:_the_high_school_reader,_1...   0.578756   0.544632   \n",
       "2                   sanders'_union_fourth_reader.txt   0.504808   0.503093   \n",
       "3  a_modern_history,_from_the_time_of_luther_to_t...   0.985318   0.870958   \n",
       "4                         first_italian_readings.txt   0.268230   0.259063   \n",
       "5               mcguffey's_fifth_eclectic_reader.txt   0.446147   0.448834   \n",
       "6  modern_prose_and_poetry_for_secondary_schools.txt   0.421361   0.397253   \n",
       "7              the_literary_world_seventh_reader.txt   0.458234   0.450569   \n",
       "8               poems_teachers_ask_for,_book_two.txt   0.414180   0.417088   \n",
       "9          a_school_history_of_the_united_states.txt   0.667800   0.613324   \n",
       "\n",
       "   num_sents  num_vocab    tokens     types   lex_div  vocab_ldiv  \\\n",
       "0   0.524434   1.000000  0.595362  1.000000  0.389382    1.000000   \n",
       "1   0.367759   0.985080  0.544632  0.972309  0.413865    0.972309   \n",
       "2   0.629738   0.981658  0.503093  0.987752  0.455153    0.987752   \n",
       "3   0.642908   0.919513  0.870958  0.881486  0.234626    0.881486   \n",
       "4   0.375685   0.882760  0.259063  0.804627  0.720023    0.804627   \n",
       "5   0.513766   0.821641  0.448834  0.832318  0.429893    0.832318   \n",
       "6   0.339631   0.789131  0.397253  0.784806  0.457986    0.784806   \n",
       "7   0.377950   0.770926  0.450569  0.734986  0.378159    0.734986   \n",
       "8   0.284148   0.723017  0.417088  0.724040  0.402432    0.724040   \n",
       "9   0.568057   0.714804  0.613324  0.718833  0.271704    0.718833   \n",
       "\n",
       "                 title_short  \n",
       "0  mcguffey's_sixth_eclectic  \n",
       "1  the_ontario_readers:_the_  \n",
       "2  sanders'_union_fourth_rea  \n",
       "3  a_modern_history,_from_th  \n",
       "4  first_italian_readings.tx  \n",
       "5  mcguffey's_fifth_eclectic  \n",
       "6  modern_prose_and_poetry_f  \n",
       "7  the_literary_world_sevent  \n",
       "8  poems_teachers_ask_for,_b  \n",
       "9  a_school_history_of_the_u  "
      ]
     },
     "execution_count": 2,
     "metadata": {},
     "output_type": "execute_result"
    },
    {
     "data": {
      "text/html": [
       "<div>\n",
       "<style>\n",
       "    .dataframe thead tr:only-child th {\n",
       "        text-align: right;\n",
       "    }\n",
       "\n",
       "    .dataframe thead th {\n",
       "        text-align: left;\n",
       "    }\n",
       "\n",
       "    .dataframe tbody tr th {\n",
       "        vertical-align: top;\n",
       "    }\n",
       "</style>\n",
       "<table border=\"1\" class=\"dataframe\">\n",
       "  <thead>\n",
       "    <tr style=\"text-align: right;\">\n",
       "      <th></th>\n",
       "      <th>text_name</th>\n",
       "      <th>title_short</th>\n",
       "      <th>vocab_nrml</th>\n",
       "      <th>lex_div_nrml</th>\n",
       "      <th>word_length_nrml</th>\n",
       "      <th>sum_scores</th>\n",
       "      <th>mlt_scores</th>\n",
       "      <th>sss_scores</th>\n",
       "    </tr>\n",
       "  </thead>\n",
       "  <tbody>\n",
       "    <tr>\n",
       "      <th>4</th>\n",
       "      <td>mcguffey's_sixth_eclectic_reader.txt</td>\n",
       "      <td>mcguffey's_sixth_eclectic</td>\n",
       "      <td>1.000000</td>\n",
       "      <td>0.389382</td>\n",
       "      <td>0.739130</td>\n",
       "      <td>2.128513</td>\n",
       "      <td>0.287804</td>\n",
       "      <td>1.697932</td>\n",
       "    </tr>\n",
       "    <tr>\n",
       "      <th>0</th>\n",
       "      <td>mcguffey's_fifth_eclectic_reader.txt</td>\n",
       "      <td>mcguffey's_fifth_eclectic</td>\n",
       "      <td>0.821641</td>\n",
       "      <td>0.429893</td>\n",
       "      <td>0.695652</td>\n",
       "      <td>1.947186</td>\n",
       "      <td>0.245717</td>\n",
       "      <td>1.343834</td>\n",
       "    </tr>\n",
       "    <tr>\n",
       "      <th>7</th>\n",
       "      <td>the_literary_world_seventh_reader.txt</td>\n",
       "      <td>the_literary_world_sevent</td>\n",
       "      <td>0.770926</td>\n",
       "      <td>0.378159</td>\n",
       "      <td>0.695652</td>\n",
       "      <td>1.844737</td>\n",
       "      <td>0.202805</td>\n",
       "      <td>1.221263</td>\n",
       "    </tr>\n",
       "    <tr>\n",
       "      <th>8</th>\n",
       "      <td>the_ontario_high_school_reader.txt</td>\n",
       "      <td>the_ontario_high_school_r</td>\n",
       "      <td>0.671207</td>\n",
       "      <td>0.448132</td>\n",
       "      <td>0.695652</td>\n",
       "      <td>1.814991</td>\n",
       "      <td>0.209245</td>\n",
       "      <td>1.135273</td>\n",
       "    </tr>\n",
       "    <tr>\n",
       "      <th>2</th>\n",
       "      <td>mcguffey's_fourth_eclectic_reader.txt</td>\n",
       "      <td>mcguffey's_fourth_eclecti</td>\n",
       "      <td>0.604065</td>\n",
       "      <td>0.461787</td>\n",
       "      <td>0.652174</td>\n",
       "      <td>1.718026</td>\n",
       "      <td>0.181923</td>\n",
       "      <td>1.003473</td>\n",
       "    </tr>\n",
       "    <tr>\n",
       "      <th>1</th>\n",
       "      <td>mcguffey's_first_eclectic_reader,_revised_edit...</td>\n",
       "      <td>mcguffey's_first_eclectic</td>\n",
       "      <td>0.125453</td>\n",
       "      <td>0.633082</td>\n",
       "      <td>0.652174</td>\n",
       "      <td>1.410709</td>\n",
       "      <td>0.051797</td>\n",
       "      <td>0.841862</td>\n",
       "    </tr>\n",
       "    <tr>\n",
       "      <th>3</th>\n",
       "      <td>mcguffey's_second_eclectic_reader.txt</td>\n",
       "      <td>mcguffey's_second_eclecti</td>\n",
       "      <td>0.232085</td>\n",
       "      <td>0.599927</td>\n",
       "      <td>0.565217</td>\n",
       "      <td>1.397230</td>\n",
       "      <td>0.078698</td>\n",
       "      <td>0.733247</td>\n",
       "    </tr>\n",
       "    <tr>\n",
       "      <th>5</th>\n",
       "      <td>mcguffey's_third_eclectic_reader.txt</td>\n",
       "      <td>mcguffey's_third_eclectic</td>\n",
       "      <td>0.275614</td>\n",
       "      <td>0.485236</td>\n",
       "      <td>0.608696</td>\n",
       "      <td>1.369546</td>\n",
       "      <td>0.081406</td>\n",
       "      <td>0.681928</td>\n",
       "    </tr>\n",
       "    <tr>\n",
       "      <th>6</th>\n",
       "      <td>new_national_first_reader.txt</td>\n",
       "      <td>new_national_first_reader</td>\n",
       "      <td>0.111970</td>\n",
       "      <td>0.492067</td>\n",
       "      <td>0.652174</td>\n",
       "      <td>1.256212</td>\n",
       "      <td>0.035933</td>\n",
       "      <td>0.679998</td>\n",
       "    </tr>\n",
       "  </tbody>\n",
       "</table>\n",
       "</div>"
      ],
      "text/plain": [
       "                                           text_name  \\\n",
       "4               mcguffey's_sixth_eclectic_reader.txt   \n",
       "0               mcguffey's_fifth_eclectic_reader.txt   \n",
       "7              the_literary_world_seventh_reader.txt   \n",
       "8                 the_ontario_high_school_reader.txt   \n",
       "2              mcguffey's_fourth_eclectic_reader.txt   \n",
       "1  mcguffey's_first_eclectic_reader,_revised_edit...   \n",
       "3              mcguffey's_second_eclectic_reader.txt   \n",
       "5               mcguffey's_third_eclectic_reader.txt   \n",
       "6                      new_national_first_reader.txt   \n",
       "\n",
       "                 title_short  vocab_nrml  lex_div_nrml  word_length_nrml  \\\n",
       "4  mcguffey's_sixth_eclectic    1.000000      0.389382          0.739130   \n",
       "0  mcguffey's_fifth_eclectic    0.821641      0.429893          0.695652   \n",
       "7  the_literary_world_sevent    0.770926      0.378159          0.695652   \n",
       "8  the_ontario_high_school_r    0.671207      0.448132          0.695652   \n",
       "2  mcguffey's_fourth_eclecti    0.604065      0.461787          0.652174   \n",
       "1  mcguffey's_first_eclectic    0.125453      0.633082          0.652174   \n",
       "3  mcguffey's_second_eclecti    0.232085      0.599927          0.565217   \n",
       "5  mcguffey's_third_eclectic    0.275614      0.485236          0.608696   \n",
       "6  new_national_first_reader    0.111970      0.492067          0.652174   \n",
       "\n",
       "   sum_scores  mlt_scores  sss_scores  \n",
       "4    2.128513    0.287804    1.697932  \n",
       "0    1.947186    0.245717    1.343834  \n",
       "7    1.844737    0.202805    1.221263  \n",
       "8    1.814991    0.209245    1.135273  \n",
       "2    1.718026    0.181923    1.003473  \n",
       "1    1.410709    0.051797    0.841862  \n",
       "3    1.397230    0.078698    0.733247  \n",
       "5    1.369546    0.081406    0.681928  \n",
       "6    1.256212    0.035933    0.679998  "
      ]
     },
     "execution_count": 2,
     "metadata": {},
     "output_type": "execute_result"
    },
    {
     "data": {
      "text/html": [
       "<div>\n",
       "<style>\n",
       "    .dataframe thead tr:only-child th {\n",
       "        text-align: right;\n",
       "    }\n",
       "\n",
       "    .dataframe thead th {\n",
       "        text-align: left;\n",
       "    }\n",
       "\n",
       "    .dataframe tbody tr th {\n",
       "        vertical-align: top;\n",
       "    }\n",
       "</style>\n",
       "<table border=\"1\" class=\"dataframe\">\n",
       "  <thead>\n",
       "    <tr style=\"text-align: right;\">\n",
       "      <th></th>\n",
       "      <th>text_name</th>\n",
       "      <th>title_short</th>\n",
       "      <th>vocab_nrml</th>\n",
       "      <th>lex_div_nrml</th>\n",
       "      <th>word_length_nrml</th>\n",
       "      <th>sum_scores</th>\n",
       "      <th>mlt_scores</th>\n",
       "      <th>sss_scores</th>\n",
       "    </tr>\n",
       "  </thead>\n",
       "  <tbody>\n",
       "    <tr>\n",
       "      <th>4</th>\n",
       "      <td>mcguffey's_sixth_eclectic_reader.txt</td>\n",
       "      <td>mcguffey's_sixth_eclectic</td>\n",
       "      <td>1.000000</td>\n",
       "      <td>0.389382</td>\n",
       "      <td>0.739130</td>\n",
       "      <td>2.128513</td>\n",
       "      <td>0.287804</td>\n",
       "      <td>1.697932</td>\n",
       "    </tr>\n",
       "    <tr>\n",
       "      <th>0</th>\n",
       "      <td>mcguffey's_fifth_eclectic_reader.txt</td>\n",
       "      <td>mcguffey's_fifth_eclectic</td>\n",
       "      <td>0.821641</td>\n",
       "      <td>0.429893</td>\n",
       "      <td>0.695652</td>\n",
       "      <td>1.947186</td>\n",
       "      <td>0.245717</td>\n",
       "      <td>1.343834</td>\n",
       "    </tr>\n",
       "    <tr>\n",
       "      <th>8</th>\n",
       "      <td>the_ontario_high_school_reader.txt</td>\n",
       "      <td>the_ontario_high_school_r</td>\n",
       "      <td>0.671207</td>\n",
       "      <td>0.448132</td>\n",
       "      <td>0.695652</td>\n",
       "      <td>1.814991</td>\n",
       "      <td>0.209245</td>\n",
       "      <td>1.135273</td>\n",
       "    </tr>\n",
       "    <tr>\n",
       "      <th>7</th>\n",
       "      <td>the_literary_world_seventh_reader.txt</td>\n",
       "      <td>the_literary_world_sevent</td>\n",
       "      <td>0.770926</td>\n",
       "      <td>0.378159</td>\n",
       "      <td>0.695652</td>\n",
       "      <td>1.844737</td>\n",
       "      <td>0.202805</td>\n",
       "      <td>1.221263</td>\n",
       "    </tr>\n",
       "    <tr>\n",
       "      <th>2</th>\n",
       "      <td>mcguffey's_fourth_eclectic_reader.txt</td>\n",
       "      <td>mcguffey's_fourth_eclecti</td>\n",
       "      <td>0.604065</td>\n",
       "      <td>0.461787</td>\n",
       "      <td>0.652174</td>\n",
       "      <td>1.718026</td>\n",
       "      <td>0.181923</td>\n",
       "      <td>1.003473</td>\n",
       "    </tr>\n",
       "    <tr>\n",
       "      <th>5</th>\n",
       "      <td>mcguffey's_third_eclectic_reader.txt</td>\n",
       "      <td>mcguffey's_third_eclectic</td>\n",
       "      <td>0.275614</td>\n",
       "      <td>0.485236</td>\n",
       "      <td>0.608696</td>\n",
       "      <td>1.369546</td>\n",
       "      <td>0.081406</td>\n",
       "      <td>0.681928</td>\n",
       "    </tr>\n",
       "    <tr>\n",
       "      <th>3</th>\n",
       "      <td>mcguffey's_second_eclectic_reader.txt</td>\n",
       "      <td>mcguffey's_second_eclecti</td>\n",
       "      <td>0.232085</td>\n",
       "      <td>0.599927</td>\n",
       "      <td>0.565217</td>\n",
       "      <td>1.397230</td>\n",
       "      <td>0.078698</td>\n",
       "      <td>0.733247</td>\n",
       "    </tr>\n",
       "    <tr>\n",
       "      <th>1</th>\n",
       "      <td>mcguffey's_first_eclectic_reader,_revised_edit...</td>\n",
       "      <td>mcguffey's_first_eclectic</td>\n",
       "      <td>0.125453</td>\n",
       "      <td>0.633082</td>\n",
       "      <td>0.652174</td>\n",
       "      <td>1.410709</td>\n",
       "      <td>0.051797</td>\n",
       "      <td>0.841862</td>\n",
       "    </tr>\n",
       "    <tr>\n",
       "      <th>6</th>\n",
       "      <td>new_national_first_reader.txt</td>\n",
       "      <td>new_national_first_reader</td>\n",
       "      <td>0.111970</td>\n",
       "      <td>0.492067</td>\n",
       "      <td>0.652174</td>\n",
       "      <td>1.256212</td>\n",
       "      <td>0.035933</td>\n",
       "      <td>0.679998</td>\n",
       "    </tr>\n",
       "  </tbody>\n",
       "</table>\n",
       "</div>"
      ],
      "text/plain": [
       "                                           text_name  \\\n",
       "4               mcguffey's_sixth_eclectic_reader.txt   \n",
       "0               mcguffey's_fifth_eclectic_reader.txt   \n",
       "8                 the_ontario_high_school_reader.txt   \n",
       "7              the_literary_world_seventh_reader.txt   \n",
       "2              mcguffey's_fourth_eclectic_reader.txt   \n",
       "5               mcguffey's_third_eclectic_reader.txt   \n",
       "3              mcguffey's_second_eclectic_reader.txt   \n",
       "1  mcguffey's_first_eclectic_reader,_revised_edit...   \n",
       "6                      new_national_first_reader.txt   \n",
       "\n",
       "                 title_short  vocab_nrml  lex_div_nrml  word_length_nrml  \\\n",
       "4  mcguffey's_sixth_eclectic    1.000000      0.389382          0.739130   \n",
       "0  mcguffey's_fifth_eclectic    0.821641      0.429893          0.695652   \n",
       "8  the_ontario_high_school_r    0.671207      0.448132          0.695652   \n",
       "7  the_literary_world_sevent    0.770926      0.378159          0.695652   \n",
       "2  mcguffey's_fourth_eclecti    0.604065      0.461787          0.652174   \n",
       "5  mcguffey's_third_eclectic    0.275614      0.485236          0.608696   \n",
       "3  mcguffey's_second_eclecti    0.232085      0.599927          0.565217   \n",
       "1  mcguffey's_first_eclectic    0.125453      0.633082          0.652174   \n",
       "6  new_national_first_reader    0.111970      0.492067          0.652174   \n",
       "\n",
       "   sum_scores  mlt_scores  sss_scores  \n",
       "4    2.128513    0.287804    1.697932  \n",
       "0    1.947186    0.245717    1.343834  \n",
       "8    1.814991    0.209245    1.135273  \n",
       "7    1.844737    0.202805    1.221263  \n",
       "2    1.718026    0.181923    1.003473  \n",
       "5    1.369546    0.081406    0.681928  \n",
       "3    1.397230    0.078698    0.733247  \n",
       "1    1.410709    0.051797    0.841862  \n",
       "6    1.256212    0.035933    0.679998  "
      ]
     },
     "execution_count": 2,
     "metadata": {},
     "output_type": "execute_result"
    },
    {
     "data": {
      "text/html": [
       "<div>\n",
       "<style>\n",
       "    .dataframe thead tr:only-child th {\n",
       "        text-align: right;\n",
       "    }\n",
       "\n",
       "    .dataframe thead th {\n",
       "        text-align: left;\n",
       "    }\n",
       "\n",
       "    .dataframe tbody tr th {\n",
       "        vertical-align: top;\n",
       "    }\n",
       "</style>\n",
       "<table border=\"1\" class=\"dataframe\">\n",
       "  <thead>\n",
       "    <tr style=\"text-align: right;\">\n",
       "      <th></th>\n",
       "      <th>text_name</th>\n",
       "      <th>title_short</th>\n",
       "      <th>vocab_nrml</th>\n",
       "      <th>lex_div_nrml</th>\n",
       "      <th>word_length_nrml</th>\n",
       "      <th>sum_scores</th>\n",
       "      <th>mlt_scores</th>\n",
       "      <th>sss_scores</th>\n",
       "    </tr>\n",
       "  </thead>\n",
       "  <tbody>\n",
       "    <tr>\n",
       "      <th>4</th>\n",
       "      <td>mcguffey's_sixth_eclectic_reader.txt</td>\n",
       "      <td>mcguffey's_sixth_eclectic</td>\n",
       "      <td>1.000000</td>\n",
       "      <td>0.389382</td>\n",
       "      <td>0.739130</td>\n",
       "      <td>2.128513</td>\n",
       "      <td>0.287804</td>\n",
       "      <td>1.697932</td>\n",
       "    </tr>\n",
       "    <tr>\n",
       "      <th>0</th>\n",
       "      <td>mcguffey's_fifth_eclectic_reader.txt</td>\n",
       "      <td>mcguffey's_fifth_eclectic</td>\n",
       "      <td>0.821641</td>\n",
       "      <td>0.429893</td>\n",
       "      <td>0.695652</td>\n",
       "      <td>1.947186</td>\n",
       "      <td>0.245717</td>\n",
       "      <td>1.343834</td>\n",
       "    </tr>\n",
       "    <tr>\n",
       "      <th>7</th>\n",
       "      <td>the_literary_world_seventh_reader.txt</td>\n",
       "      <td>the_literary_world_sevent</td>\n",
       "      <td>0.770926</td>\n",
       "      <td>0.378159</td>\n",
       "      <td>0.695652</td>\n",
       "      <td>1.844737</td>\n",
       "      <td>0.202805</td>\n",
       "      <td>1.221263</td>\n",
       "    </tr>\n",
       "    <tr>\n",
       "      <th>8</th>\n",
       "      <td>the_ontario_high_school_reader.txt</td>\n",
       "      <td>the_ontario_high_school_r</td>\n",
       "      <td>0.671207</td>\n",
       "      <td>0.448132</td>\n",
       "      <td>0.695652</td>\n",
       "      <td>1.814991</td>\n",
       "      <td>0.209245</td>\n",
       "      <td>1.135273</td>\n",
       "    </tr>\n",
       "    <tr>\n",
       "      <th>2</th>\n",
       "      <td>mcguffey's_fourth_eclectic_reader.txt</td>\n",
       "      <td>mcguffey's_fourth_eclecti</td>\n",
       "      <td>0.604065</td>\n",
       "      <td>0.461787</td>\n",
       "      <td>0.652174</td>\n",
       "      <td>1.718026</td>\n",
       "      <td>0.181923</td>\n",
       "      <td>1.003473</td>\n",
       "    </tr>\n",
       "    <tr>\n",
       "      <th>1</th>\n",
       "      <td>mcguffey's_first_eclectic_reader,_revised_edit...</td>\n",
       "      <td>mcguffey's_first_eclectic</td>\n",
       "      <td>0.125453</td>\n",
       "      <td>0.633082</td>\n",
       "      <td>0.652174</td>\n",
       "      <td>1.410709</td>\n",
       "      <td>0.051797</td>\n",
       "      <td>0.841862</td>\n",
       "    </tr>\n",
       "    <tr>\n",
       "      <th>3</th>\n",
       "      <td>mcguffey's_second_eclectic_reader.txt</td>\n",
       "      <td>mcguffey's_second_eclecti</td>\n",
       "      <td>0.232085</td>\n",
       "      <td>0.599927</td>\n",
       "      <td>0.565217</td>\n",
       "      <td>1.397230</td>\n",
       "      <td>0.078698</td>\n",
       "      <td>0.733247</td>\n",
       "    </tr>\n",
       "    <tr>\n",
       "      <th>5</th>\n",
       "      <td>mcguffey's_third_eclectic_reader.txt</td>\n",
       "      <td>mcguffey's_third_eclectic</td>\n",
       "      <td>0.275614</td>\n",
       "      <td>0.485236</td>\n",
       "      <td>0.608696</td>\n",
       "      <td>1.369546</td>\n",
       "      <td>0.081406</td>\n",
       "      <td>0.681928</td>\n",
       "    </tr>\n",
       "    <tr>\n",
       "      <th>6</th>\n",
       "      <td>new_national_first_reader.txt</td>\n",
       "      <td>new_national_first_reader</td>\n",
       "      <td>0.111970</td>\n",
       "      <td>0.492067</td>\n",
       "      <td>0.652174</td>\n",
       "      <td>1.256212</td>\n",
       "      <td>0.035933</td>\n",
       "      <td>0.679998</td>\n",
       "    </tr>\n",
       "  </tbody>\n",
       "</table>\n",
       "</div>"
      ],
      "text/plain": [
       "                                           text_name  \\\n",
       "4               mcguffey's_sixth_eclectic_reader.txt   \n",
       "0               mcguffey's_fifth_eclectic_reader.txt   \n",
       "7              the_literary_world_seventh_reader.txt   \n",
       "8                 the_ontario_high_school_reader.txt   \n",
       "2              mcguffey's_fourth_eclectic_reader.txt   \n",
       "1  mcguffey's_first_eclectic_reader,_revised_edit...   \n",
       "3              mcguffey's_second_eclectic_reader.txt   \n",
       "5               mcguffey's_third_eclectic_reader.txt   \n",
       "6                      new_national_first_reader.txt   \n",
       "\n",
       "                 title_short  vocab_nrml  lex_div_nrml  word_length_nrml  \\\n",
       "4  mcguffey's_sixth_eclectic    1.000000      0.389382          0.739130   \n",
       "0  mcguffey's_fifth_eclectic    0.821641      0.429893          0.695652   \n",
       "7  the_literary_world_sevent    0.770926      0.378159          0.695652   \n",
       "8  the_ontario_high_school_r    0.671207      0.448132          0.695652   \n",
       "2  mcguffey's_fourth_eclecti    0.604065      0.461787          0.652174   \n",
       "1  mcguffey's_first_eclectic    0.125453      0.633082          0.652174   \n",
       "3  mcguffey's_second_eclecti    0.232085      0.599927          0.565217   \n",
       "5  mcguffey's_third_eclectic    0.275614      0.485236          0.608696   \n",
       "6  new_national_first_reader    0.111970      0.492067          0.652174   \n",
       "\n",
       "   sum_scores  mlt_scores  sss_scores  \n",
       "4    2.128513    0.287804    1.697932  \n",
       "0    1.947186    0.245717    1.343834  \n",
       "7    1.844737    0.202805    1.221263  \n",
       "8    1.814991    0.209245    1.135273  \n",
       "2    1.718026    0.181923    1.003473  \n",
       "1    1.410709    0.051797    0.841862  \n",
       "3    1.397230    0.078698    0.733247  \n",
       "5    1.369546    0.081406    0.681928  \n",
       "6    1.256212    0.035933    0.679998  "
      ]
     },
     "execution_count": 2,
     "metadata": {},
     "output_type": "execute_result"
    }
   ],
   "source": [
    "#\n",
    "# ... file : lexical_diversity_metrics.py\n",
    "#\n",
    "# ... -=-=-=-=-=-=-=-=-=-=-=-=-=-=-=-=-=-=-=-=-=-=-=-=-=-=-=-=-=-=-=-=-\n",
    "# ...\n",
    "# ... msds 7337 NLP\n",
    "# ... homework 02\n",
    "# ... gutenberg - documment vocabulary normalization\n",
    "# ... pmcdevitt@smu.edu\n",
    "# ... 15-sep-2018\n",
    "# ...\n",
    "# ... -=-=-=-=-=-=-=-=-=-=-=-=-=-=-=-=-=-=-=-=-=-=-=-=-=-=-=-=-=-=-=-=-\n",
    "\n",
    "# ... -=-=-=-=-=-=-=-=-=-=-=-=-=-=-=-=-=-=-=-=-=-=-=-=-=-=-=-=-=-=-=-=-\n",
    "# ... load packages\n",
    "# ... -=-=-=-=-=-=-=-=-=-=-=-=-=-=-=-=-=-=-=-=-=-=-=-=-=-=-=-=-=-=-=-=-\n",
    "\n",
    "from IPython.core.interactiveshell import InteractiveShell\n",
    "InteractiveShell.ast_node_interactivity = \"all\"\n",
    "\n",
    "import os\n",
    "import re\n",
    "import math\n",
    "import numpy as np\n",
    "import pandas as pd\n",
    "import nltk\n",
    "from nltk.corpus import PlaintextCorpusReader\n",
    "from nltk.probability import ConditionalFreqDist\n",
    "\n",
    "get_ipython().magic('matplotlib inline')\n",
    "import matplotlib.pyplot as plt\n",
    "plt.style.use('seaborn-whitegrid')\n",
    "from matplotlib import rcParams\n",
    "rcParams.update({'figure.autolayout': True})\n",
    "plt.rc('xtick', labelsize=20)     \n",
    "plt.rc('ytick', labelsize=20)\n",
    "\n",
    "# ... -=-=-=-=-=-=-=-=-=-=-=-=-=-=-=-=-=-=-=-=-=-=-=-=-=-=-=-=-=-=-=-=-=-=-\n",
    "# ... some directory and file name definitions\n",
    "# ... -=-=-=-=-=-=-=-=-=-=-=-=-=-=-=-=-=-=-=-=-=-=-=-=-=-=-=-=-=-=-=-=-=-=-\n",
    "\n",
    "files = \".*\\.txt\"\n",
    "home_dir = \"/home/mcdevitt/_ds/_smu/_src/nlp/homework_02/\"\n",
    "corpus_root = \"./text/\"\n",
    "corpus_clean = \"./text_no_license/\"\n",
    "plot_dir = \"./plots/\"\n",
    "\n",
    "os.chdir(home_dir)\n",
    "\n",
    "# ... -=-=-=-=-=-=-=-=-=-=-=-=-=-=-=-=-=-=-=-=-=-=-=-=-=-=-=-=-=-=-=-=-=-=-\n",
    "# ... read in saved .txt files (.csv) from normalizations\n",
    "# ... -=-=-=-=-=-=-=-=-=-=-=-=-=-=-=-=-=-=-=-=-=-=-=-=-=-=-=-=-=-=-=-=-=-=-\n",
    "\n",
    "file_wordl = 'max_word_length_normalized.csv'\n",
    "file_vocab = 'vocab_normalized.csv'\n",
    "\n",
    "selected_texts = [\n",
    "    \"mcguffey's_first_eclectic_reader,_revised_edition.txt\", \n",
    "    \"mcguffey's_second_eclectic_reader.txt\", \n",
    "    \"mcguffey's_third_eclectic_reader.txt\", \n",
    "    \"mcguffey's_fourth_eclectic_reader.txt\", \n",
    "    \"mcguffey's_fifth_eclectic_reader.txt\", \n",
    "    \"mcguffey's_sixth_eclectic_reader.txt\",\n",
    "    \"new_national_first_reader.txt\",\n",
    "    \"the_ontario_high_school_reader.txt\",\n",
    "    \"the_literary_world_seventh_reader.txt\"\n",
    "]\n",
    "\n",
    "df_wordl = pd.read_csv(file_wordl)\n",
    "df_vocab = pd.read_csv(file_vocab)\n",
    "\n",
    "df_vocab[:10]\n",
    "\n",
    "# ... -=-=-=-=-=-=-=-=-=-=-=-=-=-=-=-=-=-=-=-=-=-=-=-=-=-=-=-=-=-=-=-=-=-=-\n",
    "# ... condense to normalized metrics and selected texts\n",
    "# ... -=-=-=-=-=-=-=-=-=-=-=-=-=-=-=-=-=-=-=-=-=-=-=-=-=-=-=-=-=-=-=-=-=-=-\n",
    "\n",
    "df_vocab_subset = df_vocab.loc[df_vocab['text_name'].isin(selected_texts)]\n",
    "df_wordl_subset = df_wordl.loc[df_wordl['text_name'].isin(selected_texts)]\n",
    "\n",
    "df_wordl_subset = df_wordl_subset[['text_name','long_word_length']]\n",
    "df_vocab_subset = df_vocab_subset[['text_name', 'title_short', 'num_vocab', 'lex_div']]\n",
    "\n",
    "df_wordl_subset = df_wordl_subset.sort_values(df_wordl_subset.columns[0])\n",
    "df_vocab_subset = df_vocab_subset.sort_values(df_vocab_subset.columns[0])\n",
    "\n",
    "df_wordl_subset = df_wordl_subset.reset_index(drop=True)\n",
    "df_vocab_subset = df_vocab_subset.reset_index(drop=True)\n",
    "\n",
    "df_wordl_subset = df_wordl_subset[['long_word_length']]\n",
    "\n",
    "df_metrics = pd.concat([df_vocab_subset, df_wordl_subset], axis = 1)\n",
    "df_metrics.columns = ['text_name', 'title_short', 'vocab_nrml', 'lex_div_nrml', 'word_length_nrml']\n",
    "\n",
    "# ... -=-=-=-=-=-=-=-=-=-=-=-=-=-=-=-=-=-=-=-=-=-=-=-=-=-=-=-=-=-=-=-=-=-=-\n",
    "# ... combine all 3 normalized metrics to total score\n",
    "# ... - use addition (sum_scores) and multiplication (mlt_scores)\n",
    "# ... -=-=-=-=-=-=-=-=-=-=-=-=-=-=-=-=-=-=-=-=-=-=-=-=-=-=-=-=-=-=-=-=-=-=-\n",
    "\n",
    "df_metrics['sum_scores'] = df_metrics['vocab_nrml'] + df_metrics['lex_div_nrml'] + df_metrics['word_length_nrml']\n",
    "df_metrics['mlt_scores'] = df_metrics['vocab_nrml'] * df_metrics['lex_div_nrml'] * df_metrics['word_length_nrml']\n",
    "df_metrics['sss_scores'] = df_metrics['vocab_nrml'] * df_metrics['vocab_nrml'] + \\\n",
    "                            df_metrics['lex_div_nrml'] * df_metrics['lex_div_nrml'] + \\\n",
    "                            df_metrics['word_length_nrml'] * df_metrics['word_length_nrml']\n",
    "\n",
    "df_metrics['sss_scores'] = math.sqrt(df_metrics['sss_scores'])\n",
    "\n",
    "df_metrics = df_metrics.sort_values(df_metrics.columns[5], ascending = False)\n",
    "df_metrics\n",
    "df_metrics = df_metrics.sort_values(df_metrics.columns[6], ascending = False)\n",
    "df_metrics\n",
    "df_metrics = df_metrics.sort_values(df_metrics.columns[7], ascending = False)\n",
    "df_metrics"
   ]
  },
  {
   "cell_type": "code",
   "execution_count": null,
   "metadata": {
    "collapsed": true
   },
   "outputs": [],
   "source": []
  },
  {
   "cell_type": "code",
   "execution_count": 1,
   "metadata": {},
   "outputs": [
    {
     "ename": "TypeError",
     "evalue": "cannot convert the series to <class 'float'>",
     "output_type": "error",
     "traceback": [
      "\u001b[0;31m---------------------------------------------------------------------------\u001b[0m",
      "\u001b[0;31mTypeError\u001b[0m                                 Traceback (most recent call last)",
      "\u001b[0;32m<ipython-input-1-4ed7f77271fe>\u001b[0m in \u001b[0;36m<module>\u001b[0;34m()\u001b[0m\n\u001b[1;32m    100\u001b[0m \u001b[0mdf_metrics\u001b[0m\u001b[0;34m[\u001b[0m\u001b[0;34m'sum_scores'\u001b[0m\u001b[0;34m]\u001b[0m \u001b[0;34m=\u001b[0m \u001b[0mdf_metrics\u001b[0m\u001b[0;34m[\u001b[0m\u001b[0;34m'vocab_nrml'\u001b[0m\u001b[0;34m]\u001b[0m \u001b[0;34m+\u001b[0m \u001b[0mdf_metrics\u001b[0m\u001b[0;34m[\u001b[0m\u001b[0;34m'lex_div_nrml'\u001b[0m\u001b[0;34m]\u001b[0m \u001b[0;34m+\u001b[0m \u001b[0mdf_metrics\u001b[0m\u001b[0;34m[\u001b[0m\u001b[0;34m'word_length_nrml'\u001b[0m\u001b[0;34m]\u001b[0m\u001b[0;34m\u001b[0m\u001b[0m\n\u001b[1;32m    101\u001b[0m \u001b[0mdf_metrics\u001b[0m\u001b[0;34m[\u001b[0m\u001b[0;34m'mlt_scores'\u001b[0m\u001b[0;34m]\u001b[0m \u001b[0;34m=\u001b[0m \u001b[0mdf_metrics\u001b[0m\u001b[0;34m[\u001b[0m\u001b[0;34m'vocab_nrml'\u001b[0m\u001b[0;34m]\u001b[0m \u001b[0;34m*\u001b[0m \u001b[0mdf_metrics\u001b[0m\u001b[0;34m[\u001b[0m\u001b[0;34m'lex_div_nrml'\u001b[0m\u001b[0;34m]\u001b[0m \u001b[0;34m*\u001b[0m \u001b[0mdf_metrics\u001b[0m\u001b[0;34m[\u001b[0m\u001b[0;34m'word_length_nrml'\u001b[0m\u001b[0;34m]\u001b[0m\u001b[0;34m\u001b[0m\u001b[0m\n\u001b[0;32m--> 102\u001b[0;31m \u001b[0mdf_metrics\u001b[0m\u001b[0;34m[\u001b[0m\u001b[0;34m'sss_scores'\u001b[0m\u001b[0;34m]\u001b[0m \u001b[0;34m=\u001b[0m \u001b[0mm\u001b[0m\u001b[0;34m.\u001b[0m\u001b[0msqrt\u001b[0m\u001b[0;34m(\u001b[0m\u001b[0mdf_metrics\u001b[0m\u001b[0;34m[\u001b[0m\u001b[0;34m'vocab_nrml'\u001b[0m\u001b[0;34m]\u001b[0m \u001b[0;34m*\u001b[0m \u001b[0mdf_metrics\u001b[0m\u001b[0;34m[\u001b[0m\u001b[0;34m'vocab_nrml'\u001b[0m\u001b[0;34m]\u001b[0m \u001b[0;34m+\u001b[0m                             \u001b[0mdf_metrics\u001b[0m\u001b[0;34m[\u001b[0m\u001b[0;34m'lex_div_nrml'\u001b[0m\u001b[0;34m]\u001b[0m \u001b[0;34m*\u001b[0m \u001b[0mdf_metrics\u001b[0m\u001b[0;34m[\u001b[0m\u001b[0;34m'lex_div_nrml'\u001b[0m\u001b[0;34m]\u001b[0m \u001b[0;34m+\u001b[0m                             \u001b[0mdf_metrics\u001b[0m\u001b[0;34m[\u001b[0m\u001b[0;34m'word_length_nrml'\u001b[0m\u001b[0;34m]\u001b[0m \u001b[0;34m*\u001b[0m \u001b[0mdf_metrics\u001b[0m\u001b[0;34m[\u001b[0m\u001b[0;34m'word_length_nrml'\u001b[0m\u001b[0;34m]\u001b[0m\u001b[0;34m)\u001b[0m\u001b[0;34m\u001b[0m\u001b[0m\n\u001b[0m\u001b[1;32m    103\u001b[0m \u001b[0;34m\u001b[0m\u001b[0m\n\u001b[1;32m    104\u001b[0m \u001b[0mdf_metrics\u001b[0m \u001b[0;34m=\u001b[0m \u001b[0mdf_metrics\u001b[0m\u001b[0;34m.\u001b[0m\u001b[0msort_values\u001b[0m\u001b[0;34m(\u001b[0m\u001b[0mdf_metrics\u001b[0m\u001b[0;34m.\u001b[0m\u001b[0mcolumns\u001b[0m\u001b[0;34m[\u001b[0m\u001b[0;36m5\u001b[0m\u001b[0;34m]\u001b[0m\u001b[0;34m,\u001b[0m \u001b[0mascending\u001b[0m \u001b[0;34m=\u001b[0m \u001b[0;32mFalse\u001b[0m\u001b[0;34m)\u001b[0m\u001b[0;34m\u001b[0m\u001b[0m\n",
      "\u001b[0;32m/home/mcdevitt/anaconda3/lib/python3.6/site-packages/pandas/core/series.py\u001b[0m in \u001b[0;36mwrapper\u001b[0;34m(self)\u001b[0m\n\u001b[1;32m     95\u001b[0m             \u001b[0;32mreturn\u001b[0m \u001b[0mconverter\u001b[0m\u001b[0;34m(\u001b[0m\u001b[0mself\u001b[0m\u001b[0;34m.\u001b[0m\u001b[0miloc\u001b[0m\u001b[0;34m[\u001b[0m\u001b[0;36m0\u001b[0m\u001b[0;34m]\u001b[0m\u001b[0;34m)\u001b[0m\u001b[0;34m\u001b[0m\u001b[0m\n\u001b[1;32m     96\u001b[0m         raise TypeError(\"cannot convert the series to \"\n\u001b[0;32m---> 97\u001b[0;31m                         \"{0}\".format(str(converter)))\n\u001b[0m\u001b[1;32m     98\u001b[0m \u001b[0;34m\u001b[0m\u001b[0m\n\u001b[1;32m     99\u001b[0m     \u001b[0;32mreturn\u001b[0m \u001b[0mwrapper\u001b[0m\u001b[0;34m\u001b[0m\u001b[0m\n",
      "\u001b[0;31mTypeError\u001b[0m: cannot convert the series to <class 'float'>"
     ]
    }
   ],
   "source": [
    "# ... -=-=-=-=-=-=-=-=-=-=-=-=-=-=-=-=-=-=-=-=-=-=-=-=-=-=-=-=-=-=-=-=-=-=-\n",
    "# ... plot comparison of all (normalized) metrics - \n",
    "# ... sorted in descending mlt_scores order\n",
    "# ... -=-=-=-=-=-=-=-=-=-=-=-=-=-=-=-=-=-=-=-=-=-=-=-=-=-=-=-=-=-=-=-=-=-=-\n",
    "\n",
    "N = len(df_metrics)\n",
    "\n",
    "ind = np.arange(N) \n",
    "width = 0.18\n",
    "\n",
    "_ = plt.figure(figsize = (18, 12))\n",
    "\n",
    "offset = width / 2\n",
    "offset = 0\n",
    "_ = plt.bar(ind + offset, df_metrics['lex_div_nrml'],\n",
    "            width, label='Lex_Div', color = 'tomato')\n",
    "_ = plt.bar(ind + offset + width, df_metrics['vocab_nrml'],\n",
    "            width, label='Vocab', color = 'dodgerblue', alpha = 0.9)\n",
    "_ = plt.bar(ind + offset + width*2, df_metrics['word_length_nrml'],\n",
